1572647191245 0.7650273224043715 0
1572647191382 0.7650273224043715 0
1572647191512 0.7650273224043715 0
1572647191640 0.7650273224043715 0
1572647191769 0.7650273224043715 0
1572647191898 0.7650273224043715 0
1572647192027 0.7650273224043715 0
1572647192156 0.7650273224043715 0
1572647192285 0.7650273224043715 0
1572647192414 0.7650273224043715 0
1572647192548 0.7704918032786885 0
1572647192678 0.7704918032786885 0
1572647192807 0.7704918032786885 0
1572647192933 0.7704918032786885 0
1572647193060 0.7704918032786885 0
1572647193185 0.7704918032786885 0
1572647193319 0.7704918032786885 0
1572647193450 0.7704918032786885 0
1572647193580 0.7704918032786885 0
1572647193710 0.7704918032786885 0
1572647193840 0.7486338797814208 0
1572647193971 0.7486338797814208 0
1572647194102 0.7486338797814208 0
1572647194233 0.7486338797814208 0
1572647194363 0.7486338797814208 0
1572647194494 0.7486338797814208 0
1572647194625 0.7486338797814208 0
1572647194756 0.7486338797814208 0
1572647194888 0.7486338797814208 0
1572647195019 0.7486338797814208 0
1572647195150 0.7486338797814208 0
1572647195280 0.7486338797814208 0
1572647195413 0.7486338797814208 0
1572647195546 0.7486338797814208 0
1572647195690 0.7486338797814208 0
1572647195820 0.7486338797814208 0
1572647195947 0.7486338797814208 0
1572647196080 0.7486338797814208 0
1572647196246 0.7486338797814208 0
1572647196422 0.7486338797814208 0
