1572647191221 0.5 0
1572647191360 0.5 0
1572647191490 0.5 0
1572647191618 0.5 0
1572647191747 0.5 0
1572647191875 0.5 0
1572647192005 0.5 0
1572647192134 0.5 0
1572647192263 0.5 0
1572647192392 0.5 0
1572647192525 0.5116279069767442 0
1572647192655 0.5116279069767442 0
1572647192785 0.5116279069767442 0
1572647192912 0.5116279069767442 0
1572647193039 0.5116279069767442 0
1572647193164 0.5116279069767442 0
1572647193297 0.5116279069767442 0
1572647193428 0.5116279069767442 0
1572647193559 0.5116279069767442 0
1572647193689 0.5116279069767442 0
1572647193819 0.5053986710963455 0
1572647193949 0.5053986710963455 0
1572647194080 0.5053986710963455 0
1572647194211 0.5053986710963455 0
1572647194341 0.5053986710963455 0
1572647194473 0.5053986710963455 0
1572647194603 0.5053986710963455 0
1572647194734 0.5053986710963455 0
1572647194866 0.5053986710963455 0
1572647194996 0.5053986710963455 0
1572647195128 0.5053986710963455 0
1572647195258 0.5053986710963455 0
1572647195391 0.5053986710963455 0
1572647195523 0.5053986710963455 0
1572647195666 0.5053986710963455 0
1572647195799 0.5053986710963455 0
1572647195926 0.5053986710963455 0
1572647196057 0.5053986710963455 0
1572647196217 0.5053986710963455 0
1572647196390 0.5053986710963455 0
