1572778527233 0.7650273224043715 0
1572778527309 0.7650273224043715 0
1572778527383 0.7650273224043715 0
1572778527457 0.7650273224043715 0
1572778527529 0.7650273224043715 0
1572778527604 0.7650273224043715 0
1572778527678 0.7650273224043715 0
1572778527755 0.7650273224043715 0
1572778527831 0.7650273224043715 0
1572778527904 0.7650273224043715 0
1572778527979 0.7704918032786885 0
1572778528053 0.7704918032786885 0
1572778528127 0.7704918032786885 0
1572778528200 0.7704918032786885 0
1572778528274 0.7704918032786885 0
1572778528348 0.7704918032786885 0
1572778528424 0.7704918032786885 0
1572778528498 0.7704918032786885 0
1572778528578 0.7704918032786885 0
1572778528656 0.7704918032786885 0
1572778528741 0.7486338797814208 0
1572778528831 0.7486338797814208 0
1572778528920 0.7486338797814208 0
1572778529001 0.7486338797814208 0
1572778529075 0.7486338797814208 0
1572778529150 0.7486338797814208 0
1572778529227 0.7486338797814208 0
1572778529301 0.7486338797814208 0
1572778529375 0.7486338797814208 0
1572778529449 0.7486338797814208 0
1572778529523 0.7486338797814208 0
1572778529599 0.7486338797814208 0
1572778529674 0.7486338797814208 0
1572778529749 0.7486338797814208 0
1572778529824 0.7486338797814208 0
1572778529898 0.7486338797814208 0
1572778529975 0.7486338797814208 0
1572778530050 0.7486338797814208 0
1572778530125 0.7486338797814208 0
1572778530200 0.7486338797814208 0
