1572778527216 0.5 0
1572778527292 0.5 0
1572778527367 0.5 0
1572778527441 0.5 0
1572778527513 0.5 0
1572778527588 0.5 0
1572778527662 0.5 0
1572778527736 0.5 0
1572778527815 0.5 0
1572778527888 0.5 0
1572778527962 0.5116279069767442 0
1572778528037 0.5116279069767442 0
1572778528110 0.5116279069767442 0
1572778528184 0.5116279069767442 0
1572778528257 0.5116279069767442 0
1572778528331 0.5116279069767442 0
1572778528408 0.5116279069767442 0
1572778528481 0.5116279069767442 0
1572778528560 0.5116279069767442 0
1572778528639 0.5116279069767442 0
1572778528722 0.5053986710963455 0
1572778528810 0.5053986710963455 0
1572778528900 0.5053986710963455 0
1572778528983 0.5053986710963455 0
1572778529058 0.5053986710963455 0
1572778529133 0.5053986710963455 0
1572778529210 0.5053986710963455 0
1572778529284 0.5053986710963455 0
1572778529358 0.5053986710963455 0
1572778529432 0.5053986710963455 0
1572778529507 0.5053986710963455 0
1572778529582 0.5053986710963455 0
1572778529658 0.5053986710963455 0
1572778529732 0.5053986710963455 0
1572778529807 0.5053986710963455 0
1572778529881 0.5053986710963455 0
1572778529958 0.5053986710963455 0
1572778530034 0.5053986710963455 0
1572778530109 0.5053986710963455 0
1572778530184 0.5053986710963455 0
