1572645821904 0.5 0
1572645821973 0.5 0
1572645822037 0.5 0
1572645822101 0.5 0
1572645822165 0.5 0
1572645822228 0.5 0
1572645822291 0.5 0
1572645822354 0.5 0
1572645822416 0.5 0
1572645822481 0.5 0
1572645822544 0.5116279069767442 0
1572645822608 0.5116279069767442 0
1572645822672 0.5116279069767442 0
1572645822735 0.5116279069767442 0
1572645822798 0.5116279069767442 0
1572645822861 0.5116279069767442 0
1572645822925 0.5116279069767442 0
1572645822990 0.5116279069767442 0
1572645823053 0.5116279069767442 0
1572645823117 0.5116279069767442 0
1572645823180 0.5053986710963455 0
1572645823244 0.5053986710963455 0
1572645823307 0.5053986710963455 0
1572645823372 0.5053986710963455 0
1572645823436 0.5053986710963455 0
1572645823499 0.5053986710963455 0
1572645823561 0.5053986710963455 0
1572645823630 0.5053986710963455 0
1572645823700 0.5053986710963455 0
1572645823771 0.5053986710963455 0
1572645823859 0.5053986710963455 0
1572645823945 0.5053986710963455 0
1572645824016 0.5053986710963455 0
1572645824081 0.5053986710963455 0
1572645824146 0.5053986710963455 0
1572645824211 0.5053986710963455 0
1572645824275 0.5053986710963455 0
1572645824340 0.5053986710963455 0
1572645824403 0.5053986710963455 0
1572645824467 0.5053986710963455 0
