1572721483185 0.7650273224043715 0
1572721483284 0.7650273224043715 0
1572721483368 0.7650273224043715 0
1572721483453 0.7650273224043715 0
1572721483533 0.7650273224043715 0
1572721483613 0.7650273224043715 0
1572721483695 0.7650273224043715 0
1572721483775 0.7650273224043715 0
1572721483856 0.7650273224043715 0
1572721483941 0.7650273224043715 0
1572721484021 0.7704918032786885 0
1572721484102 0.7704918032786885 0
1572721484188 0.7704918032786885 0
1572721484294 0.7704918032786885 0
1572721484401 0.7704918032786885 0
1572721484511 0.7704918032786885 0
1572721484624 0.7704918032786885 0
1572721484713 0.7704918032786885 0
1572721484792 0.7704918032786885 0
1572721484872 0.7704918032786885 0
1572721484959 0.7486338797814208 0
1572721485058 0.7486338797814208 0
1572721485157 0.7486338797814208 0
1572721485283 0.7486338797814208 0
1572721485393 0.7486338797814208 0
1572721485481 0.7486338797814208 0
1572721485567 0.7486338797814208 0
1572721485652 0.7486338797814208 0
1572721485739 0.7486338797814208 0
1572721485824 0.7486338797814208 0
1572721485908 0.7486338797814208 0
1572721485995 0.7486338797814208 0
1572721486080 0.7486338797814208 0
1572721486166 0.7486338797814208 0
1572721486251 0.7486338797814208 0
1572721486339 0.7486338797814208 0
1572721486425 0.7486338797814208 0
1572721486511 0.7486338797814208 0
1572721486598 0.7486338797814208 0
1572721486685 0.7486338797814208 0
