1572721483167 0.5 0
1572721483269 0.5 0
1572721483354 0.5 0
1572721483439 0.5 0
1572721483520 0.5 0
1572721483600 0.5 0
1572721483681 0.5 0
1572721483761 0.5 0
1572721483842 0.5 0
1572721483926 0.5 0
1572721484008 0.5116279069767442 0
1572721484089 0.5116279069767442 0
1572721484173 0.5116279069767442 0
1572721484276 0.5116279069767442 0
1572721484383 0.5116279069767442 0
1572721484491 0.5116279069767442 0
1572721484605 0.5116279069767442 0
1572721484699 0.5116279069767442 0
1572721484779 0.5116279069767442 0
1572721484859 0.5116279069767442 0
1572721484943 0.5053986710963455 0
1572721485042 0.5053986710963455 0
1572721485140 0.5053986710963455 0
1572721485262 0.5053986710963455 0
1572721485376 0.5053986710963455 0
1572721485467 0.5053986710963455 0
1572721485552 0.5053986710963455 0
1572721485638 0.5053986710963455 0
1572721485725 0.5053986710963455 0
1572721485810 0.5053986710963455 0
1572721485894 0.5053986710963455 0
1572721485980 0.5053986710963455 0
1572721486066 0.5053986710963455 0
1572721486152 0.5053986710963455 0
1572721486237 0.5053986710963455 0
1572721486326 0.5053986710963455 0
1572721486411 0.5053986710963455 0
1572721486496 0.5053986710963455 0
1572721486584 0.5053986710963455 0
1572721486670 0.5053986710963455 0
