1572647121775 0.5 0
1572647121890 0.5 0
1572647121997 0.5 0
1572647122103 0.5 0
1572647122210 0.5 0
1572647122315 0.5 0
1572647122422 0.5 0
1572647122528 0.5 0
1572647122636 0.5 0
1572647122741 0.5 0
1572647122848 0.5116279069767442 0
1572647122955 0.5116279069767442 0
1572647123063 0.5116279069767442 0
1572647123170 0.5116279069767442 0
1572647123277 0.5116279069767442 0
1572647123384 0.5116279069767442 0
1572647123509 0.5116279069767442 0
1572647123618 0.5116279069767442 0
1572647123726 0.5116279069767442 0
1572647123834 0.5116279069767442 0
1572647123943 0.5053986710963455 0
1572647124051 0.5053986710963455 0
1572647124160 0.5053986710963455 0
1572647124269 0.5053986710963455 0
1572647124373 0.5053986710963455 0
1572647124476 0.5053986710963455 0
1572647124580 0.5053986710963455 0
1572647124685 0.5053986710963455 0
1572647124791 0.5053986710963455 0
1572647124899 0.5053986710963455 0
1572647125007 0.5053986710963455 0
1572647125115 0.5053986710963455 0
1572647125223 0.5053986710963455 0
1572647125331 0.5053986710963455 0
1572647125439 0.5053986710963455 0
1572647125546 0.5053986710963455 0
1572647125654 0.5053986710963455 0
1572647125762 0.5053986710963455 0
1572647125871 0.5053986710963455 0
1572647125979 0.5053986710963455 0
