1572778319734 0.7650273224043715 0
1572778319808 0.7650273224043715 0
1572778319883 0.7650273224043715 0
1572778319955 0.7650273224043715 0
1572778320027 0.7650273224043715 0
1572778320098 0.7650273224043715 0
1572778320169 0.7650273224043715 0
1572778320240 0.7650273224043715 0
1572778320313 0.7650273224043715 0
1572778320384 0.7650273224043715 0
1572778320454 0.7704918032786885 0
1572778320527 0.7704918032786885 0
1572778320598 0.7704918032786885 0
1572778320669 0.7704918032786885 0
1572778320740 0.7704918032786885 0
1572778320812 0.7704918032786885 0
1572778320883 0.7704918032786885 0
1572778320954 0.7704918032786885 0
1572778321028 0.7704918032786885 0
1572778321102 0.7704918032786885 0
1572778321176 0.7486338797814208 0
1572778321255 0.7486338797814208 0
1572778321339 0.7486338797814208 0
1572778321424 0.7486338797814208 0
1572778321498 0.7486338797814208 0
1572778321570 0.7486338797814208 0
1572778321642 0.7486338797814208 0
1572778321714 0.7486338797814208 0
1572778321786 0.7486338797814208 0
1572778321857 0.7486338797814208 0
1572778321931 0.7486338797814208 0
1572778322007 0.7486338797814208 0
1572778322079 0.7486338797814208 0
1572778322153 0.7486338797814208 0
1572778322226 0.7486338797814208 0
1572778322298 0.7486338797814208 0
1572778322369 0.7486338797814208 0
1572778322442 0.7486338797814208 0
1572778322514 0.7486338797814208 0
1572778322587 0.7486338797814208 0
