1572778319717 0.5 0
1572778319792 0.5 0
1572778319867 0.5 0
1572778319939 0.5 0
1572778320010 0.5 0
1572778320082 0.5 0
1572778320153 0.5 0
1572778320224 0.5 0
1572778320296 0.5 0
1572778320368 0.5 0
1572778320439 0.5116279069767442 0
1572778320510 0.5116279069767442 0
1572778320582 0.5116279069767442 0
1572778320653 0.5116279069767442 0
1572778320724 0.5116279069767442 0
1572778320796 0.5116279069767442 0
1572778320867 0.5116279069767442 0
1572778320938 0.5116279069767442 0
1572778321011 0.5116279069767442 0
1572778321085 0.5116279069767442 0
1572778321158 0.5053986710963455 0
1572778321237 0.5053986710963455 0
1572778321320 0.5053986710963455 0
1572778321405 0.5053986710963455 0
1572778321482 0.5053986710963455 0
1572778321554 0.5053986710963455 0
1572778321626 0.5053986710963455 0
1572778321698 0.5053986710963455 0
1572778321769 0.5053986710963455 0
1572778321841 0.5053986710963455 0
1572778321915 0.5053986710963455 0
1572778321989 0.5053986710963455 0
1572778322062 0.5053986710963455 0
1572778322137 0.5053986710963455 0
1572778322209 0.5053986710963455 0
1572778322281 0.5053986710963455 0
1572778322353 0.5053986710963455 0
1572778322426 0.5053986710963455 0
1572778322498 0.5053986710963455 0
1572778322569 0.5053986710963455 0
