1572646972694 0.5 0
1572646972809 0.5 0
1572646972915 0.5 0
1572646973022 0.5 0
1572646973127 0.5 0
1572646973238 0.5 0
1572646973345 0.5 0
1572646973451 0.5 0
1572646973559 0.5 0
1572646973669 0.5 0
1572646973778 0.5116279069767442 0
1572646973892 0.5116279069767442 0
1572646974001 0.5116279069767442 0
1572646974109 0.5116279069767442 0
1572646974217 0.5116279069767442 0
1572646974322 0.5116279069767442 0
1572646974430 0.5116279069767442 0
1572646974536 0.5116279069767442 0
1572646974644 0.5116279069767442 0
1572646974750 0.5116279069767442 0
1572646974857 0.5053986710963455 0
1572646974965 0.5053986710963455 0
1572646975071 0.5053986710963455 0
1572646975177 0.5053986710963455 0
1572646975285 0.5053986710963455 0
1572646975386 0.5053986710963455 0
1572646975490 0.5053986710963455 0
1572646975594 0.5053986710963455 0
1572646975714 0.5053986710963455 0
1572646975836 0.5053986710963455 0
1572646975968 0.5053986710963455 0
1572646976077 0.5053986710963455 0
1572646976185 0.5053986710963455 0
1572646976293 0.5053986710963455 0
1572646976400 0.5053986710963455 0
1572646976518 0.5053986710963455 0
1572646976638 0.5053986710963455 0
1572646976757 0.5053986710963455 0
1572646976875 0.5053986710963455 0
1572646976992 0.5053986710963455 0
