1572777449118 0.7650273224043715 0
1572777449178 0.7650273224043715 0
1572777449237 0.7650273224043715 0
1572777449296 0.7650273224043715 0
1572777449357 0.7650273224043715 0
1572777449416 0.7650273224043715 0
1572777449476 0.7650273224043715 0
1572777449535 0.7650273224043715 0
1572777449594 0.7650273224043715 0
1572777449653 0.7650273224043715 0
1572777449712 0.7704918032786885 0
1572777449772 0.7704918032786885 0
1572777449831 0.7704918032786885 0
1572777449891 0.7704918032786885 0
1572777449950 0.7704918032786885 0
1572777450010 0.7704918032786885 0
1572777450071 0.7704918032786885 0
1572777450130 0.7704918032786885 0
1572777450189 0.7704918032786885 0
1572777450250 0.7704918032786885 0
1572777450311 0.7486338797814208 0
1572777450370 0.7486338797814208 0
1572777450432 0.7486338797814208 0
1572777450492 0.7486338797814208 0
1572777450549 0.7486338797814208 0
1572777450606 0.7486338797814208 0
1572777450664 0.7486338797814208 0
1572777450728 0.7486338797814208 0
1572777450796 0.7486338797814208 0
1572777450870 0.7486338797814208 0
1572777450938 0.7486338797814208 0
1572777450997 0.7486338797814208 0
1572777451057 0.7486338797814208 0
1572777451116 0.7486338797814208 0
1572777451176 0.7486338797814208 0
1572777451236 0.7486338797814208 0
1572777451295 0.7486338797814208 0
1572777451356 0.7486338797814208 0
1572777451417 0.7486338797814208 0
1572777451479 0.7486338797814208 0
