1572777449105 0.5 0
1572777449166 0.5 0
1572777449225 0.5 0
1572777449283 0.5 0
1572777449344 0.5 0
1572777449403 0.5 0
1572777449463 0.5 0
1572777449522 0.5 0
1572777449581 0.5 0
1572777449640 0.5 0
1572777449699 0.5116279069767442 0
1572777449759 0.5116279069767442 0
1572777449818 0.5116279069767442 0
1572777449878 0.5116279069767442 0
1572777449937 0.5116279069767442 0
1572777449996 0.5116279069767442 0
1572777450058 0.5116279069767442 0
1572777450117 0.5116279069767442 0
1572777450176 0.5116279069767442 0
1572777450236 0.5116279069767442 0
1572777450298 0.5053986710963455 0
1572777450357 0.5053986710963455 0
1572777450419 0.5053986710963455 0
1572777450479 0.5053986710963455 0
1572777450537 0.5053986710963455 0
1572777450594 0.5053986710963455 0
1572777450651 0.5053986710963455 0
1572777450714 0.5053986710963455 0
1572777450782 0.5053986710963455 0
1572777450856 0.5053986710963455 0
1572777450925 0.5053986710963455 0
1572777450985 0.5053986710963455 0
1572777451044 0.5053986710963455 0
1572777451103 0.5053986710963455 0
1572777451163 0.5053986710963455 0
1572777451222 0.5053986710963455 0
1572777451282 0.5053986710963455 0
1572777451343 0.5053986710963455 0
1572777451404 0.5053986710963455 0
1572777451464 0.5053986710963455 0
