1572644658035 0.5 0
1572644658082 0.5 0
1572644658126 0.5 0
1572644658172 0.5 0
1572644658216 0.5 0
1572644658261 0.5 0
1572644658305 0.5 0
1572644658350 0.5 0
1572644658394 0.5 0
1572644658438 0.5 0
1572644658483 0.5116279069767442 0
1572644658528 0.5116279069767442 0
1572644658574 0.5116279069767442 0
1572644658619 0.5116279069767442 0
1572644658666 0.5116279069767442 0
1572644658712 0.5116279069767442 0
1572644658756 0.5116279069767442 0
1572644658801 0.5116279069767442 0
1572644658847 0.5116279069767442 0
1572644658892 0.5116279069767442 0
1572644658939 0.5053986710963455 0
1572644658984 0.5053986710963455 0
1572644659032 0.5053986710963455 0
1572644659077 0.5053986710963455 0
1572644659123 0.5053986710963455 0
1572644659168 0.5053986710963455 0
1572644659214 0.5053986710963455 0
1572644659259 0.5053986710963455 0
1572644659308 0.5053986710963455 0
1572644659354 0.5053986710963455 0
1572644659399 0.5053986710963455 0
1572644659445 0.5053986710963455 0
1572644659491 0.5053986710963455 0
1572644659535 0.5053986710963455 0
1572644659578 0.5053986710963455 0
1572644659622 0.5053986710963455 0
1572644659667 0.5053986710963455 0
1572644659714 0.5053986710963455 0
1572644659759 0.5053986710963455 0
1572644659809 0.5053986710963455 0
